best_y_hat: 
116
107
36
24
33
3
44
3
126
116
116
36
79
136
12
43
42
6
4
42
2
103
15
35
144
42
16
36
21
66
4
38
35
42
106
42
115
95
137
115
116
32
78
6
15
87
33
42
35
42
25
126
106
42
106
115
76
6
62
116
50
27
0
0
115
1
41
129
116
116
5
106
31
24
41
106
38
33
42
137
42
16
71
42
6
42
12
3
35
75
47
42
32
106
6
46
116
49
78
127
85
106
11
1
42
33
106
23
112
115
56
106
115
33
117
115
42
149
43
6
42
133
75
117
16
32
6
114
33
115
42
116
12
2
71
85
144
104
115
38
71
24
51
23
42
41
115
103
55
55
66
95
16
78
42
127
95
136
42
32
42
71
19
106
76
126
33
58
116
116
109
55
44
66
59
115
38
42
115
42
36
116
90
42
0
116
79
6
79
72
65
112
7
42
37
5
11
1
116
115
30
42
116
33
103
8
27
124
42
33
99
9
36
137
16
106
116
42
42
35
60
42
6
71
6
33
3
3
76
50
106
55
52
144
110
44
42
35
27
8
16
106
33
106
53
42
32
42
106
42
42
2
15
42
99
116
59
106
109
86
4
106
89
1
55
112
127
36
79
12
116
116
79
75
116
74
36
28
106
29
22
6
36
133
103
42
42
6
23
144
18
11
106
23
42
87
23
32
3
59
6
23
19
6
3
42
98
106
22
42
115
76
44
71
5
42
4
71
76
109
84
19
19
126
42
33
76
35
8
76
110
42
35
11
93
115
3
6
21
41
79
108
3
115
67
126
124
116
26
85
115
42
126
59
106
127
106
76
116
42
62
5
115
42
116
5
103
136
42
57
70
0
56
16
116
133
29
42
104
33
42
21
24
4
115
92
115
115
76
33
42
42
116
1
0
127
124
9
115
21
66
76
35
82
3
115
115
155
109
71
20
11
115
126
131
85
117
115
127
106
6
42
42
116
21
115
95
36
42
103
66
88
106
85
3
106
67
145
120
2
144
71
44
42
59
32
116
115
84
75
42
106
85
106
1
42
85
115
14
103
76
1
106
47
115
154
129
3
6
106
76
23
87
41
3
71
33
57
47
76
126
42
115
72
126
115
108
42
76
112
6
127
115
84
108
42
89
56
33
103
33
154
112
115
49
49
36
47
106
136
44
76
42
65
126
4
114
89
116
49
32
72
27
103
42
4
15
42
116
28
109
5
76
19
42
76
42
24
149
103
76
17
103
47
33
55
104
115
44
5
42
42
26
116
59
55
116
115
5
41
126
70
64
116
116
5
72
149
110
136
42
30
31
93
42
85
29
116
67
116
106
1
44
110
131
42
115
62
30
23
33
1
30
106
110
36
38
4
65
38
2
116
42
106
75
116
46
3
42
127
115
90
115
38
42
3
0
32
99
57
106
149
115
115
36
3
115
95
42
110
6
21
116
9
115
59
154
148
84
103
144
0
11
126
94
151
3
116
57
132
97
76
127
116
115
59
33
32
27
42
0
116
154
115
12
6
132
75
121
0
71
87
0
42
76
36
117
20
106
12
5
132
42
27
116
42
12
154
71
54
64
126
116
36
59
154
76
12
8
126
71
126
115
131
70
115
47
33
38
26
76
116
115
72
37
8
35
125
16
0
116
154
116
2
126
11
82
116
33
9
154
37
79
1
57
106
67
106
87
106
16
5
137
42
108
50
11
19
32
76
38
6
115
16
3
4
115
112
113
95
103
0
8
1
0
116
43
33
1
137
95
27
33
77
124
72
126
151
100
42
116
51
32
2
59
46
55
42
36
55
4
105
134
36
98
115
106
21
71
0
116
18
116
32
92
37
42
25
42
33
64
60
97
47
76
26
87
67
115
11
8
103
42
33
38
1
42
46
35
62
64
67
77
115
3
4
151
116
141
148
116
126
36
115
35
5
6
106
33
103
42
49
15
87
25
16
1
116
5
9
95
115
42
110
127
76
106
42
42
42
115
42
127
85
67
96
1
32
33
116
71
111
6
3
16
27
16
6
106
6
56
111
151
79
112
64
17
95
2
42
75
108
42
149
144
26
21
6
23
23
55
137
66
5
67
42
38
3
19
116
114
112
28
71
42
2
31
33
126
126
115
5
136
8
50
41
33
72
115
154
33
2
2
42
5
28
42
129
61
71
12
116
37
144
32
116
85
116
30
67
32
38
106
115
3
40
35
106
76
115
6
64
1
67
75
33
106
33
21
85
116
44
33
106
95
85
11
59
42
154
137
37
35
116
57
126
9
106
2
116
37
137
2
31
11
117
35
42
112
42
42
139
42
42
40
67
67
133
42
76
104
5
44
65
67
0
42
78
42
42
37
89
33
76
42
116
76
33
19
126
136
115
148
2
26
103
71
115
115
67
4
59
67
0
38
42
82
116
16
5
42
106
42
76
106
76
1
55
116
78
106
6
42
72
70
64
16
24
85
5
11
42
14
42
85
27
33
88
33
115
42
55
1
106
41
36
84
6
106
12
87
42
154
78
126
8
87
96
33
55
42
76
42
55
116
78
112
57
106
64
116
16
56
33
116
92
37
38
6
16
42
33
116
106
115
148
44
126
116
6
116
115
17
42
67
44
42
85
104
106
116
30
6
2
6
89
0
103
3
89
103
116
112
2
149
42
33
33
42
78
133
11
0
43
64
79
85
25
42
6
38
42
109
42
33
42
59
115
46
116
115
0
0
56
135
42
42
103
99
76
42
21
125
76
98
33
86
36
42
55
6
5
116
2
6
116
1
21
106
72
106
28
127
0
36
42
109
76
106
36
116
1
136
5
115
126
42
136
116
136
23
42
150
33
103
124
116
42
62
106
55
134
108
42
106
154
42
76
4
108
38
115
21
115
8
6
86
116
67
6
71
6
42
19
71
42
103
115
42
32
149
154
33
110
76
4
116
116
24
46
41
47
0
64
55
12
36
5
42
15
42
97
53
106
51
42
42
66
133
16
42
5
35
6
42
71
75
92
35
33
136
116
6
87
154
152
27
33
108
55
6
24
6
41
32
42
76
84
116
4
33
5
0
78
3
116
36
22
33
85
6
42
115
5
6
76
116
42
5
110
106
116
3
38
1
106
110
95
111
84
33
16
106
47
42
67
93
72
42
144
42
38
3
33
76
106
42
42
115
106
3
5
5
44
87
36
140
104
67
106
42
116
33
106
71
42
5
115
42
55
72
5
71
26
4
33
115
5
6
116
45
115
136
2
87
42
56
133
150
42
42
76
116
2
0
127
9
88
133
116
96
147
42
23
104
42
95
112
42
42
67
79
148
8
38
85
76
42
116
110
32
14
60
62
71
36
6
16
56
55
126
6
44
36
103
144
6
5
62
42
4
42
55
115
55
42
4
42
27
42
46
115
78
71
6
9
126
35
154
36
37
112
108
33
136
5
59
6
8
47
115
115
42
38
116
93
37
141
149
64
35
95
42
115
151
42
62
42
50
33
109
3
42
114
42
116
65
51
116
116
27
31
55
55
21
6
59
76
79
41
71
115
2
42
18
33
67
38
115
112
56
42
106
126
106
42
3
76
18
47
150
3
115
42
26
42
25
112
44
33
49
42
85
42
115
116
144
126
104
33
33
42
42
6
116
50
106
116
42
117
126
111
2
116
9
107
36
87
78
42
147
116
76
42
76
8
67
115
42
5
2
25
7
50
116
51
23
9
79
3
33
116
116
1
77
116
126
154
115
64
35
24
85
27
76
116
57
116
5
30
1
33
115
42
106
21
80
103
110
108
51
150
51
78
19
55
23
21
76
44
67
55
137
27
34
45
87
67
103
103
11
42
133
65
115
136
6
33
115
103
38
38
6
55
116
154
33
37
30
112
6
33
124
44
19
116
115
65
85
115
42
19
42
137
37
116
103
21
3
106
148
59
33
115
64
11
89
42
4
85
43
39
151
42
23
78
137
42
104
33
42
3
36
116
9
103
35
153
116
84
116
76
107
1
150
63
115
103
36
109
32
35
60
42
21
71
3
33
5
117
49
82
126
103
8
57
106
42
3
33
136
67
115
55
116
86
78
35
56
33
41
135
42
49
72
136
79
127
108
103
19
42
93
67
87
36
50
116
71
103
49
42
36
126
1
3
36
24
115
41
117
16
42
148
116
42
6
35
76
116
67
12
67
36
115
78
55
76
33
2
76
76
96
21
109
60
42
33
6
67
85
115
116
35
117
98
115
110
116
10
42
6
109
21
0
1
21
116
3
104
116
33
2
1
144
127
97
35
9
122
21
4
31
23
115
16
110
6
116
42
44
16
6
116
116
76
67
106
42
97
49
5
42
32
5
4
104
67
0
116
67
47
42
76
52
11
33
86
126
16
35
6
11
146
36
6
35
22
116
115
1
42
42
64
76
42
5
71
25
104
67
51
50
2
5
59
89
111
111
115
42
104
75
6
42
33
110
21
67
6
76
76
8
128
11
42
76
115
84
131
42
6
116
136
103
50
106
75
116
90
137
42
106
67
36
5
42
24
92
112
78
42
14
33
106
8
42
5
26
76
106
116
42
116
76
116
71
115
3
1
143
76
42
31
108
11
33
115
154
42
6
126
42
137
6
42
6
42
42
115
6
42
89
115
2
6
126
42
38
76
54
67
35
31
20
127
47
33
115
147
42
33
115
137
20
6
45
116
75
35
38
24
36
5
62
76
51
76
99
115
33
116
136
116
42
134
3
42
57
149
35
42
6
42
11
75
36
66
120
106
139
42
106
14
116
42
132
106
29
3
16
124
110
92
2
53
33
126
71
42
116
36
95
6
127
106
96
16
12
42
12
98
42
1
0
16
103
53
115
9
95
9
42
6
3
42
42
106
115
150
44
87
42
116
59
38
42
36
19
23
4
149
64
3
150
16
64
24
154
42
42
36
67
6
1
23
0
15
76
82
18
32
44
72
95
115
42
103
12
133
51
126
49
6
33
67
42
42
42
95
36
31
115
144
6
72
59
11
42
36
87
36
103
42
33
72
42
33
78
104
23
110
21
42
76
137
9
47
50
116
33
24
6
106
37
143
42
16
124
5
130
82
3
106
72
112
116
42
84
105
85
23
115
116
103
19
33
150
33
110
116
42
5
77
6
60
42
85
3
71
72
63
115
127
42
3
42
5
34
76
126
42
76
116
126
42
75
104
72
1
42
109
88
103
136
143
42
33
84
116
42
53
126
71
69
108
42
67
54
116
115
42
89
59
124
23
117
30
116
55
2
6
42
22
134
116
33
126
110
8
44
33
44
22
85
49
116
33
23
1
32
35
116
6
42
42
115
5
6
3
55
27
55
27
23
6
5
33
103
116
9
50
42
3
15
115
33
11
33
0
126
36
59
4
47
42
126
104
105
154
42
56
139
42
115
37
31
42
126
71
36
42
35
116
8
126
55
56
106
106
12
16
24
72
36
42
2
86
42
148
112
116
4
58
23
22
76
85
71
97
98
42
42
42
1
115
71
44
76
148
38
116
85
116
133
0
19
95
71
42
58
115
135
116
37
37
127
104
16
126
6
1
95
89
6
115
16
27
115
116
35
35
116
149
103
64
27
57
108
76
112
154
115
3
30
42
42
136
5
82
72
3
89
31
32
16
42
42
53
18
42
106
89
6
7
116
116
9
3
126
39
101
115
42
42
59
16
137
6
129
109
1
106
71
24
6
126
94
42
12
33
154
51
16
42
4
5
42
55
115
33
106
5
42
35
45
16
154
42
11
36
4
126
149
16
22
107
112
67
127
115
146
42
115
21
6
106
12
9
33
115
6
40
115
69
7
87
106
42
128
76
116
0
104
6
27
25
82
2
87
7
116
11
133
60
0
104
25
11
103
110
33
116
1
2
104
36
20
36
152
97
22
55
55
116
6
36
117
16
27
32
16
22
66
145
106
124
2
112
36
42
42
16
5
115
6
67
64
150
116
43
1
42
115
42
55
126
55
0
106
11
5
16
154
42
33
140
5
42
23
24
58
42
42
46
42
115
110
104
115
50
16
4
42
131
86
53
148
23
76
11
2
9
115
115
99
6
3
21
42
42
7
42
17
18
33
71
35
21
55
6
115
98
55
126
149
116
6
104
37
86
104
142
147
41
19
5
116
20
76
95
116
108
62
43
37
55
44
101
11
42
106
33
126
104
6
42
23
116
42
42
106
42
19
38
71
5
33
106
4
126
57
126
31
6
116
59
76
55
5
78
115
15
3
33
22
57
42
116
44
3
20
57
54
136
6
106
44
115
45
115
63
75
42
111
145
106
42
106
76
124
42
110
62
42
42
11
115
64
42
3
44
33
33
38
33
115
71
42
108
41
115
42
33
47
116
64
42
6
147
5
42
32
126
6
42
23
23
143
37
116
19
42
76
5
71
3
42
116
116
41
114
110
99
67
115
1
36
42
6
42
75
64
53
81
6
115
3
50
12
106
88
95
33
106
42
89
6
154
115
76
6
116
31
42
116
99
42
75
59
24
115
42
55
47
115
49
76
124
33
42
6
125
2
24
106
106
114
57
32
4
5
106
42
112
116
40
0
99
64
44
35
8
76
16
3
24
115
33
5
116
133
55
71
42
16
62
124
115
103
42
55
57
0
5
42
72
17
67
37
71
2
115
22
106
5
8
31
116
89
42
95
44
30
76
40
15
38
126
104
76
21
35
99
116
19
76
117
33
42
115
42
106
6
6
3
42
59
42
106
76
5
23
51
115
42
27
127
85
154
33
1
94
4
42
148
115
71
51
64
33
42
35
115
117
75
35
3
33
5
36
15
112
115
42
140
19
116
103
136
67
154
84
76
76
42
42
64
86
139
98
32
154
117
85
3
115
71
67
115
85
35
42
27
43
108
150
35
75
24
12
16
33
47
42
33
135
10
11
42
4
116
55
33
42
115
42
60
33
126
2
35
137
144
42
5
53
76
42
116
116
71
116
115
49
103
9
42
42
60
56
42
5
112
106
42
71
117
112
71
2
27
115
42
90
110
4
75
2
136
16
23
110
36
76
137
42
31
42
115
0
72
5
154
106
143
3
76
42
42
76
126
19
114
116
126
6
32
37
41

best acc: 0.07467948717948718