best_y_hat: 
93
107
93
98
7
151
107
57
138
152
113
16
135
55
41
62
97
137
105
38
116
112
1
26
105
98
32
79
42
142
146
48
50
95
138
75
93
38
64
9
61
57
82
134
74
142
105
71
11
133
7
70
90
121
62
101
5
105
6
104
105
150
79
129
41
151
92
10
92
145
151
105
35
74
119
90
90
55
19
16
50
93
105
109
100
71
21
38
0
143
133
84
103
27
103
123
133
91
154
149
88
24
72
123
101
133
100
122
16
140
118
16
35
56
103
105
79
72
88
71
7
5
132
58
126
138
5
100
88
133
93
138
7
150
85
55
33
154
105
71
116
152
134
8
133
5
28
72
103
105
53
123
151
141
118
66
10
154
151
69
151
151
136
116
105
105
61
57
53
87
29
119
73
136
40
154
54
111
98
151
57
70
152
23
116
57
141
64
150
152
82
6
133
105
77
79
119
66
126
51
49
43
40
123
79
61
124
40
134
11
11
141
5
57
20
22
57
105
115
45
133
41
40
93
88
82
44
61
151
16
104
104
117
11
84
115
133
39
31
146
19
44
98
16
91
69
38
154
16
115
123
140
85
119
26
57
12
26
65
143
88
25
90
40
109
43
149
121
95
99
57
113
154
42
24
41
85
47
133
151
64
64
79
105
104
79
4
48
93
133
73
85
106
151
70
71
79
34
128
56
51
85
70
18
153
16
105
105
39
91
105
74
133
133
21
87
50
122
126
103
71
154
43
5
65
55
67
71
32
105
39
71
133
144
88
80
154
104
71
68
85
16
75
85
104
101
67
67
146
81
85
149
39
47
49
133
153
53
31
145
113
107
64
99
139
110
86
75
68
103
105
93
105
32
150
93
56
103
136
25
150
126
151
97
72
143
43
143
31
64
16
105
97
57
95
38
18
18
126
42
26
92
7
57
113
142
113
146
40
79
24
38
109
48
95
57
50
105
71
24
75
149
145
50
64
85
129
24
19
67
28
75
92
55
133
105
128
43
100
59
85
122
137
11
113
97
47
100
105
112
93
109
110
153
10
35
16
154
142
97
154
42
154
147
26
38
39
131
12
16
133
135
97
105
105
64
121
48
133
116
145
116
38
154
93
114
148
96
75
36
29
72
30
68
55
141
152
136
16
69
105
2
58
16
154
141
154
28
69
97
72
97
60
98
150
69
85
37
57
70
99
104
152
133
41
98
89
112
152
67
72
91
154
133
79
16
133
139
88
149
48
150
14
9
152
131
71
81
47
2
45
72
64
75
56
116
126
138
11
68
106
140
50
92
152
123
125
55
143
105
32
71
90
131
131
91
97
145
154
122
114
147
71
42
38
136
136
28
64
108
107
95
26
27
44
71
122
115
38
143
90
71
25
31
60
69
73
88
101
28
20
112
15
40
111
5
93
50
133
119
9
133
105
81
71
2
16
106
39
48
113
133
97
116
103
103
22
24
122
16
106
43
107
154
16
24
37
146
152
6
11
105
38
75
34
103
60
28
50
16
57
90
22
22
146
52
89
129
70
1
118
36
128
21
146
38
134
11
97
81
29
118
119
85
154
152
143
88
113
31
119
128
16
11
16
93
44
154
5
100
108
72
16
154
40
46
24
133
133
7
108
152
48
57
64
6
70
133
62
149
109
26
48
88
16
22
81
42
154
113
121
70
144
102
121
50
72
116
44
97
43
53
91
27
104
18
57
41
108
6
128
25
103
41
104
94
88
143
71
114
90
149
113
105
77
44
113
71
89
4
54
119
97
93
25
16
6
85
16
30
31
6
55
40
57
39
57
146
113
40
8
21
75
146
69
85
29
41
57
70
154
109
104
0
57
38
38
85
152
63
136
152
34
143
128
104
39
115
47
1
50
53
123
133
64
73
104
66
103
133
146
124
64
139
10
105
76
5
139
50
10
36
38
42
30
133
133
37
16
40
155
108
63
53
0
133
18
105
29
29
100
44
76
7
108
62
133
50
133
15
65
154
147
42
106
53
152
22
38
114
71
141
123
100
16
88
64
138
151
55
22
81
145
105
35
3
57
93
57
147
105
20
94
1
61
105
142
120
154
82
60
42
133
116
24
38
85
16
112
79
8
73
24
17
129
152
44
105
55
89
97
71
0
5
16
70
152
43
103
102
18
136
24
83
53
16
93
65
133
101
111
123
25
6
105
80
151
42
26
22
63
16
100
154
68
152
141
59
71
16
146
86
57
16
141
105
121
127
85
49
114
101
133
153
119
152
64
75
45
11
81
134
4
118
31
114
120
73
72
115
53
79
133
152
102
137
29
85
154
88
64
53
107
28
152
141
152
33
154
108
80
121
64
33
105
128
71
45
116
31
55
95
24
33
38
5
82
105
154
105
9
10
88
127
79
121
40
105
133
2
147
132
105
13
40
76
49
60
70
92
101
57
18
136
2
59
97
55
153
72
150
47
48
91
97
27
105
154
69
154
113
28
11
63
25
16
146
55
35
97
105
64
40
54
2
143
93
93
53
28
20
13
105
16
86
141
47
6
88
133
97
69
64
33
2
77
71
147
119
123
13
5
5
98
151
149
71
30
48
38
150
107
98
80
105
82
154
141
20
29
30
82
116
106
31
10
103
127
17
97
43
55
111
18
136
49
16
25
88
103
22
82
154
99
55
89
133
97
105
70
79
103
18
105
117
71
148
45
53
73
93
31
71
112
121
97
99
83
88
38
113
36
105
85
23
55
93
92
37
57
105
29
143
87
25
100
116
93
37
128
107
142
50
38
152
97
139
121
148
150
133
136
102
134
142
89
130
51
103
90
71
152
69
65
136
111
128
62
136
130
133
74
56
25
139
71
62
154
133
93
122
151
146
55
154
133
38
132
113
43
50
153
50
109
144
123
52
64
134
70
150
27
146
154
19
148
134
61
125
143
139
15
8
44
91
80
30
103
143
61
85
60
57
137
74
145
118
113
112
22
105
143
8
2
131
105
88
105
111
83
136
97
150
116
18
98
90
103
151
143
30
71
0
113
154
98
5
64
88
141
14
93
92
154
92
7
71
150
91
60
98
50
75
154
24
64
105
61
81
18
133
90
55
43
97
154
50
72
78
52
40
133
150
79
70
71
148
145
75
128
65
151
88
71
85
150
40
79
34
16
82
150
45
139
88
73
106
24
26
45
65
152
71
146
104
135
90
116
148
93
60
133
122
51
3
151
92
128
88
133
150
148
152
77
108
92
73
70
93
101
133
40
70
100
93
99
97
122
62
149
64
154
48
35
152
97
14
143
43
154
154
69
43
113
16
24
154
113
55
136
154
84
31
2
74
152
97
25
3
85
113
137
109
44
53
71
113
62
85
105
133
31
58
100
104
133
13
154
53
123
130
24
150
123
43
69
102
18
148
70
57
84
79
150
30
57
16
133
56
97
43
3
80
56
149
3
57
71
57
123
25
141
83
41
28
119
151
82
133
103
105
106
71
31
140
151
16
47
4
146
67
98
133
45
92
16
34
16
133
39
118
144
55
105
57
42
93
55
133
50
33
133
33
91
138
73
18
70
88
93
114
10
42
133
90
103
138
0
154
151
103
5
59
71
87
14
88
40
19
136
133
59
30
106
105
65
7
71
27
62
103
154
42
151
67
133
154
112
81
97
25
18
43
105
25
100
40
99
71
85
136
139
30
99
27
40
141
149
154
9
152
71
93
154
105
106
117
20
60
151
85
90
150
43
74
153
115
38
105
91
48
94
86
6
31
88
42
93
69
133
103
1
47
115
136
82
116
25
103
78
106
61
25
70
54
16
23
150
100
105
152
6
50
89
150
57
23
16
18
87
61
79
54
38
115
86
113
135
92
85
33
30
154
71
119
87
44
79
124
101
112
93
116
141
116
122
47
93
74
154
64
105
12
55
105
16
28
70
46
103
28
144
151
84
98
6
119
16
103
42
5
121
88
148
18
129
31
90
106
97
24
97
119
0
112
82
105
124
16
38
92
49
50
154
74
111
136
103
35
101
89
38
112
93
16
101
154
18
62
105
69
105
35
154
149
79
149
112
124
2
145
107
79
73
28
120
153
83
123
79
22
57
77
74
33
146
56
22
131
27
91
15
122
150
66
129
145
16
98
103
79
123
69
7
43
149
97
79
35
154
119
1
25
11
153
82
34
153
76
64
136
82
29
96
46
48
104
69
57
149
64
64
66
16
43
112
105
152
154
40
98
53
50
0
131
97
122
113
64
105
81
70
92
108
5
92
64
113
153
16
154
141
28
1
59
154
64
91
11
88
57
38
69
127
1
97
57
79
124
93
105
113
54
143
100
65
98
40
144
29
133
71
105
64
117
32
81
50
11
139
105
55
53
112
104
31
64
136
2
17
42
154
150
131
95
73
6
53
131
104
14
119
23
154
93
105
44
78
40
123
105
128
47
126
71
71
108
107
27
50
112
133
81
103
133
16
57
150
5
115
41
24
72
113
101
38
111
52
107
30
105
93
142
101
83
61
139
86
74
154
133
90
101
35
127
77
9
151
56
112
5
99
64
149
90
133
103
16
64
125
116
41
103
16
54
57
18
56
153
115
54
55
91
127
75
152
43
91
62
152
154
53
101
139
141
16
128
65
106
84
8
99
54
152
98
54
23
112
75
116
149
25
146
26
76
133
103
19
5
28
97
97
117
147
95
142
42
124
99
122
113
107
57
133
119
37
69
71
135
55
100
105
73
130
5
38
151
88
80
136
152
79
65
29
64
14
152
105
154
82
46
2
107
44
100
97
62
100
96
102
131
6
105
128
71
37
147
11
126
31
38
41
100
61
48
82
150
55
48
112
97
114
114
128
152
71
133
104
14
57
145
93
71
144
107
34
18
60
92
88
122
80
152
97
89
74
82
74
125
23
73
105
2
57
40
150
88
18
40
83
57
151
36
73
6
151
25
152
141
136
44
55
154
51
2
133
56
154
154
107
152
55
113
68
92
105
136
1
28
106
150
133
122
128
66
3
16
45
100
77
75
110
53
105
154
22
85
86
18
95
38
95
28
99
16
88
20
122
152
48
72
40
9
66
79
53
105
149
144
64
56
48
148
150
2
14
154
25
24
154
87
148
108
148
95
85
105
79
7
32
73
18
82
62
112
133
104
133
79
115
85
99
15
23
93
113
137
152
38
71
148
123
151
87
27
152
79
99
110
146
64
124
98
111
79
105
126
71
133
84
69
104
9
16
105
92
28
38
104
133
55
14
78
88
69
152
15
93
14
154
133
151
1
152
49
139
103
24
73
82
74
51
102
122
119
111
145
34
133
65
154
148
122
43
133
55
112
71
96
105
105
65
10
27
68
5
68
149
122
97
30
37
16
5
75
73
124
43
133
128
89
47
113
152
154
136
143
32
29
139
64
100
22
25
115
71
141
5
66
42
88
64
70
70
113
91
9
111
77
149
93
118
105
80
20
73
60
149
146
103
150
16
105
129
151
119
41
36
75
152
133
47
136
152
64
80
135
109
48
16
28
21
16
53
47
55
153
11
72
89
63
154
146
100
154
62
51
80
75
16
37
60
26
126
101
50
154
70
70
113
75
154
152
38
4
11
131
149
38
79
24
122
74
116
133
93
30
144
74
6
101
105
16
93
122
94
150
6
149
71
101
88
117
129
106
113
100
154
78
16
43
75
45
154
113
56
