best_y_hat: 
113
146
18
152
105
17
44
123
98
71
113
122
104
62
105
124
85
64
31
116
154
82
105
16
136
90
55
35
46
146
5
141
16
93
8
40
47
2
5
53
71
45
155
154
154
92
105
112
16
82
25
123
99
43
146
53
73
2
62
71
50
27
117
54
143
20
69
129
38
103
48
100
120
61
41
55
119
57
71
139
97
10
108
131
152
151
99
35
16
93
28
126
29
38
154
149
71
114
24
32
154
129
105
97
82
52
74
64
114
42
98
146
101
133
139
106
40
149
79
152
53
146
23
58
105
32
152
114
84
42
116
38
105
154
72
146
136
111
53
82
10
121
88
141
34
41
53
49
91
79
99
95
153
28
70
34
136
136
97
32
101
115
79
25
76
92
44
150
71
38
109
139
72
146
107
136
79
151
85
51
105
103
119
70
0
103
12
152
148
64
65
114
123
97
37
112
105
1
103
47
141
133
57
137
1
133
152
5
68
149
111
123
82
112
105
25
151
137
81
16
92
122
97
152
150
108
154
154
61
93
11
83
79
136
50
44
54
16
114
0
92
151
37
149
116
38
32
88
129
49
138
154
80
55
99
71
64
73
109
88
54
20
89
128
78
100
12
36
154
105
71
85
108
109
57
10
105
141
99
29
13
64
105
133
103
126
40
152
128
144
119
105
60
29
97
60
87
29
111
37
154
148
19
152
123
88
12
24
24
149
115
37
44
27
87
31
97
24
12
93
150
150
2
92
120
41
15
16
93
24
74
132
16
105
93
143
123
64
16
41
107
133
93
106
133
73
105
71
26
25
53
48
126
59
122
66
145
128
57
112
62
14
41
99
113
90
20
144
9
139
70
10
111
86
103
5
29
77
138
33
97
16
24
97
101
79
53
36
128
84
153
107
151
122
79
86
124
64
47
82
57
34
16
57
154
116
74
72
109
31
20
105
85
98
20
73
149
47
146
61
152
122
20
151
16
85
69
105
106
131
87
88
123
116
123
135
133
145
142
45
144
22
44
141
98
75
57
85
133
93
9
82
12
28
88
97
2
85
14
103
79
88
83
146
115
17
44
110
152
55
5
51
138
41
154
66
96
127
18
12
126
57
6
99
5
41
108
97
125
38
154
138
41
149
48
70
89
134
45
113
108
73
64
53
135
93
105
151
60
136
43
153
116
65
113
78
131
29
113
105
115
79
27
103
64
59
119
85
71
28
109
48
154
153
51
59
11
24
149
5
134
87
1
111
91
125
104
53
71
5
11
40
143
71
80
99
113
42
49
41
71
70
60
57
71
133
91
149
23
136
74
70
78
109
93
48
29
103
133
57
14
58
44
50
143
18
136
62
55
29
67
97
119
138
88
82
38
4
65
124
154
71
70
105
86
38
46
119
101
91
101
119
42
38
104
105
60
75
37
103
93
22
69
115
105
111
85
96
142
93
101
16
71
152
69
59
147
148
15
128
74
13
105
30
48
151
140
55
57
45
5
16
149
57
116
16
105
75
46
66
140
103
150
53
84
152
43
110
146
152
24
97
28
70
20
105
24
117
61
124
154
49
154
112
57
18
112
45
48
149
58
146
71
105
23
115
24
104
93
5
38
93
36
146
80
85
133
76
43
69
154
103
42
72
26
154
16
11
16
79
131
98
79
2
5
105
112
85
91
75
98
37
154
154
51
99
133
151
2
114
21
154
135
81
29
93
105
12
32
16
131
152
53
96
149
65
116
82
113
95
55
140
154
154
118
38
79
66
154
114
95
152
21
55
5
71
49
151
100
97
57
88
23
109
80
149
55
16
105
43
97
21
134
105
93
47
71
16
48
27
57
24
151
75
92
16
96
25
36
149
24
59
67
28
64
26
124
133
106
105
93
14
70
29
43
20
142
73
16
136
131
133
57
106
138
97
151
103
93
45
103
49
54
85
16
35
152
25
135
82
77
12
8
82
25
154
20
103
154
31
95
53
33
110
127
109
20
51
126
97
126
50
132
85
133
11
133
88
150
103
22
111
64
119
70
75
48
152
115
97
96
111
113
68
89
128
102
95
62
34
23
48
101
149
144
26
16
64
24
93
100
112
146
50
133
106
71
105
141
71
81
151
28
71
133
2
35
29
6
56
36
57
62
133
93
41
33
107
115
115
19
154
31
40
146
28
11
129
150
72
150
71
8
144
32
57
112
38
79
133
23
37
28
85
123
40
16
82
134
116
152
123
154
133
110
46
82
22
94
82
103
72
132
11
95
127
105
72
2
115
112
37
38
79
57
16
74
20
43
71
80
76
154
128
105
117
16
40
44
55
70
10
124
88
40
133
133
29
138
24
92
154
17
65
84
0
130
57
16
42
91
89
135
27
93
57
34
11
64
18
136
42
148
152
69
128
72
85
2
133
78
72
108
30
147
53
78
71
1
83
41
60
44
35
77
112
88
155
71
142
40
103
47
93
39
24
16
81
58
154
105
70
14
149
112
8
132
93
84
106
97
28
154
81
41
82
53
152
60
105
87
36
51
57
92
133
25
22
90
55
124
26
63
151
38
57
25
5
28
64
113
105
80
67
38
154
69
38
48
72
138
149
113
18
115
148
72
133
38
64
112
47
141
54
133
71
143
80
34
61
57
35
97
154
103
89
45
1
153
89
118
103
112
22
149
140
146
146
124
88
89
105
23
152
34
7
12
25
1
152
22
74
93
30
137
43
48
106
121
57
2
65
141
48
90
69
133
97
94
61
31
16
150
104
0
150
88
55
126
145
97
133
113
2
154
55
97
16
20
43
58
44
57
2
105
151
29
76
113
105
113
154
136
154
115
60
16
62
55
136
51
97
150
114
57
82
103
71
62
11
100
73
108
40
81
73
2
151
97
48
88
116
16
143
133
97
86
151
133
97
71
16
53
121
94
42
55
36
151
65
149
154
133
88
130
97
142
151
64
105
69
115
38
64
26
55
135
90
42
119
46
65
123
122
51
75
5
105
90
105
97
5
16
152
27
79
135
150
35
149
144
71
64
82
119
145
99
105
29
105
64
141
154
41
32
82
13
155
71
113
146
74
102
94
154
103
105
48
132
119
152
67
74
90
152
81
71
28
154
88
55
71
79
99
154
73
50
95
115
19
83
3
81
44
151
133
93
93
53
144
50
16
119
108
153
73
70
97
62
139
111
155
133
107
34
105
97
50
133
106
85
38
33
151
59
82
132
115
149
148
24
107
71
69
35
100
143
138
18
151
148
106
136
5
105
149
49
127
150
5
124
115
55
154
1
23
152
88
97
57
96
3
115
152
154
113
136
16
55
12
133
107
148
122
72
97
64
36
71
88
75
16
103
62
115
105
97
112
108
122
37
154
99
105
1
144
97
86
62
41
97
121
59
53
92
92
97
124
99
69
121
126
111
152
152
92
88
16
115
105
122
112
107
28
95
82
2
97
69
19
85
116
133
38
103
88
10
152
149
25
16
95
40
85
147
1
136
78
93
33
88
21
6
131
68
57
65
109
71
103
27
111
86
103
133
2
59
135
55
41
152
106
154
141
152
50
133
124
85
38
98
21
28
99
68
48
25
152
71
115
19
154
85
154
41
16
46
124
44
67
79
126
2
123
53
55
144
135
108
108
127
55
126
97
151
50
93
71
37
64
28
111
2
71
37
133
53
87
71
123
111
112
119
12
9
122
142
106
148
120
60
26
123
86
79
2
13
16
104
154
83
151
85
105
55
113
127
5
101
17
16
152
68
111
76
57
99
113
90
99
97
129
26
141
28
133
73
104
50
48
88
78
93
13
12
10
29
16
121
98
133
52
100
12
8
45
91
133
56
30
105
140
28
65
42
136
103
84
26
138
130
35
152
43
57
153
67
52
99
16
64
149
124
108
11
113
26
65
133
143
119
87
95
46
99
55
82
16
105
7
148
100
19
47
64
105
148
3
5
146
56
7
147
11
29
131
46
1
25
19
97
119
82
113
105
57
16
100
55
73
57
152
107
133
21
63
53
132
17
86
32
35
60
70
133
78
66
96
5
117
104
104
61
54
133
39
128
43
111
91
136
133
106
14
38
75
24
35
44
128
41
140
6
112
28
26
22
57
108
57
138
143
93
133
87
105
93
113
78
135
146
116
105
38
154
105
21
92
101
41
117
16
48
89
57
40
97
16
112
85
133
107
133
72
82
111
96
63
135
152
19
24
133
133
93
92
97
148
64
133
91
85
55
16
149
115
6
109
103
139
101
152
86
46
99
154
149
57
151
104
57
150
154
154
136
57
83
16
105
73
16
35
30
79
126
29
93
152
112
125
141
16
152
85
71
105
133
122
2
118
83
154
85
75
154
4
111
133
79
71
133
76
85
25
150
105
64
88
5
77
16
152
105
57
82
152
35
55
55
74
122
42
43
34
119
16
32
107
25
45
67
88
86
51
82
80
89
99
111
101
43
25
50
64
36
80
93
16
133
154
17
141
68
60
105
21
83
115
83
114
97
154
57
95
10
86
106
75
79
73
46
124
145
133
105
100
116
17
16
12
24
49
31
146
28
133
34
84
41
68
90
71
93
103
64
151
107
53
154
88
69
154
42
35
107
105
133
85
145
97
16
126
70
119
152
92
97
53
69
136
97
70
89
106
24
9
112
71
38
63
10
133
16
23
71
23
17
84
85
105
70
22
85
112
150
97
45
57
109
16
130
27
105
73
62
24
51
70
37
47
67
113
62
38
11
152
18
154
122
149
16
42
154
142
105
86
82
146
153
100
73
101
34
64
151
150
49
68
29
153
105
153
93
92
154
132
146
37
115
116
71
105
95
152
146
31
61
16
12
42
150
98
75
150
122
1
118
41
116
22
95
9
11
97
105
6
153
139
6
150
44
119
66
71
64
55
70
105
34
152
28
11
9
88
2
16
2
121
115
70
28
105
133
97
1
111
131
154
89
105
123
86
22
141
95
41
14
103
56
90
51
150
125
152
5
133
48
82
70
74
82
134
2
62
97
78
55
105
103
82
103
105
104
151
96
91
154
133
94
154
86
88
16
64
35
139
76
47
93
55
5
81
109
20
37
41
122
35
5
154
64
82
68
98
71
27
79
154
11
154
2
141
42
71
112
31
83
33
76
93
79
40
4
127
64
79
11
9
27
94
72
63
126
20
119
123
18
89
119
24
68
101
64
151
70
27
29
92
141
154
42
109
88
131
136
143
116
29
155
38
88
116
50
98
143
89
93
133
54
38
85
97
89
115
20
50
77
52
55
40
64
74
6
24
152
79
133
40
109
133
141
125
44
55
127
22
57
127
111
88
51
16
57
152
116
68
106
137
154
154
55
125
143
8
117
51
10
133
154
113
117
45
44
154
40
74
129
119
133
115
150
105
24
72
11
8
133
25
93
152
97
44
139
123
53
100
59
143
123
152
43
11
147
103
133
37
74
3
18
102
120
2
24
91
1
97
154
88
16
29
112
71
97
87
141
146
60
97
30
127
98
140
93
20
154
101
72
27
104
29
98
57
2
79
146
142
57
95
48
51
30
101
118
57
38
79
51
25
113
70
152
119
95
45
154
85
105
12
115
151
38
16
55
149
100
64
111
124
151
24
38
154
26
154
67
16
107
144
111
105
43
148
89
38
75
122
78
70
140
23
110
145
45
97
152
151
103
88
104
40
132
121
42
93
43
64
55
130
152
65
109
97
100
23
99
64
154
46
149
105
133
19
88
38
142
72
154
151
24
42
44
151
146
84
16
45
105
76
116
105
105
54
1
149
16
24
98
16
133
57
53
133
8
36
133
152
40
99
9
49
85
64
40
115
69
123
116
80
11
128
139
79
60
92
154
153
105
142
43
97
20
57
105
61
10
79
25
25
105
55
50
96
71
154
31
104
105
40
105
7
97
111
55
127
57
74
53
24
153
37
75
38
24
66
145
81
82
154
20
105
15
100
141
131
2
152
133
76
21
85
111
133
70
115
122
145
16
113
130
24
105
82
60
19
97
21
71
135
78
138
121
128
154
85
149
13
53
50
138
26
93
135
5
55
146
86
74
148
93
26
105
5
9
85
53
5
109
93
16
130
42
123
36
141
141
21
140
16
16
147
154
6
141
114
5
149
38
154
104
37
88
50
142
147
26
111
103
85
11
148
62
55
28
62
98
123
67
44
18
105
40
28
133
132
104
152
148
93
57
64
6
1
42
92
8
147
127
5
119
123
64
112
43
4
152
71
64
64
117
154
141
116
37
17
90
102
124
112
103
108
154
150
112
43
136
154
139
71
74
148
53
61
75
8
130
145
20
113
64
81
74
70
93
62
40
69
105
129
104
64
79
43
149
90
28
56
85
71
97
29
41
53
68
67
28
113
64
126
64
43
135
25
32
37
64
65
93
93
69
16
151
80
72
149
5
132
105
155
57
103
69
124
50
29
133
69
119
105
101
123
55
93
27
53
139
152
126
104
93
105
106
93
136
133
18
126
89
6
147
136
64
64
38
31
16
151
37
71
88
154
2
85
59
55
87
142
82
79
57
11
124
154
150
62
61
68
11
114
113
32
123
112
91
17
16
71
40
60
79
25
71
16
68
112
103
154
128
6
33
67
79
133
16
123
11
38
136
103
2
104
8
12
86
38
23
18
141
87
133
119
71
88
47
24
142
14
30
92
55
89
101
95
44
129
121
40
119
44
68
104
105
94
16
99
38
73
19
17
11
6
69
85
71
152
64
74
150
108
68
34
112
77
51
109
62
8
71
29
53
24
127
154
46
22
138
148
115
71
88
128
133
53
16
136
149
88
16
88
149
154
53
16
112
41
13
123
141
71
122
62
133
80
56
134
119
12
59
11
88
10
29
51
147
117
85
111
136
71
133
116
82
115
50
102
57
29
131
16
88
20
104
16
11
111
70
155
16
100
105
15
22
55
89
107
126
68
85
45
96
93
154
16
114
136
111
137
12
92
55
103
55
78
79
53
104
86
150
97
32
60
111
82
68
105
146
78
22
52
26
10
88
153
144
55
81
93
4
50
154
62
131
86
88
53
12
55
25
31
142
36
79
72
133
98
102
143
93
105
16
70
24
19
118
33
151
61
154
32
100
26
